1.41091840909422
-0.820564043846705
-1.15481178388665
1.96012768189394
3.6136563276383
3.99714262539363
-3.45299118917452
0.126243540193126
0.112597732066931
-1.58603285550382
0.461745851833496
-1.80854036403873
0.19632538790161
3.40784857471737
-4.28850601228365
4.25081236447262
-2.65906858448729
-0.0283779998531911
2.78800968190735
4.85379309559012
1.4630411431946
5.22917396535785
-5.49455961936901
1.05049069413191
-4.4082455879651
-0.401567086909577
4.93253488686066
-2.24402054837457
1.85475627130468
1.00890515663614
0.0353964546503581
4.56919225983919
-0.719070738202825
-2.28230907022696
-3.21752416492175
-2.53904143261288
0.166895035286592
-5.73351522652017
-1.63873162813346
-3.66477544583485
5.4906600737894
-1.81414883479804
0.983572013867234
7.02307264305252
-3.36181736918572
-2.30865732137698
-3.16486476929887
1.30999091414694
3.59460735802066
-1.90295352481351
3.05849386755292
-1.72834743527967
1.84291390590793
2.08897096446214
4.17588554879108
1.86490997586802
-0.109421630755227
-1.93213847691916
5.62808046943341
3.9897737886814
4.98715601343815
9.35033673541831
-4.93700154162768
-1.77286759128393
1.70683249002102
5.86479544985951
-1.98399232383014
2.45782587013627
3.87069631885768
-1.14183024194385
5.61517367975305
-2.90786493640539
0.241677980199983
0.353568407296827
2.62715365083081
1.01735806006598
5.44713328670276
-0.200945519879599
5.12209307634996
-2.5273672472012
-0.293766485824944
-5.35715696681418
-1.9767157609879
0.772566529871674
1.51565448534746
1.83956678966269
3.22073240297923
2.48487347093789
5.34954833472004
1.00665041177984
2.14419988548725
-3.54128055297018
1.88558325351622
-3.12786477958839
-0.455035598111009
-1.1266304527703
-2.16072541632037
-9.39329955875847
0.732983545903459
0.676362974256271
-3.58140640510171
4.96234604094669
5.75001925766885
4.14166966431346
0.30446606156726
1.28367250551308
4.03887496833096
3.30442634183545
2.62766822753746
0.656066030056307
3.56041315530545
-1.56526824292501
3.01749524370812
0.222180820981655
-0.341968321587308
3.23801733060898
5.24930550434871
2.37110343759063
1.65753401947298
0.271392320268998
1.33852151146311
-4.12270356420089
-2.55685301609608
-0.919888137400849
-5.13057659103965
-1.24375061825554
-2.11680073198378
4.14636167085027
-3.33708258191658
3.63525456212539
-1.51027498098896
-3.23126419889947
2.76578949403942
-2.61530157554346
-4.79670452682359
1.65540789341116
1.07488343472831
-4.01926084743698
-1.70647922377495
5.13034071118469
1.54365357856805
-1.51064369908024
3.15960856857145
-3.8873087965647
1.81254827532144
-0.422500528105114
-0.731573633134708
9.07984382691354
5.3034078949463
1.14721106614824
3.54763194316879
5.79329469600921
5.8239006735089
3.88420312161656
1.71016387281297
3.02119006092
0.830481875635381
5.64103723044951
2.228111236175
1.45888690529878
-3.15682968276233
-3.49949835916758
-3.22162294441315
-0.804450921532926
-0.218685509228916
2.2175000113482
2.21333541046162
-6.53009102840449
-0.888178626412392
2.1081065611132
-3.8021852430198
-6.19398812422069
-1.01879138483035
-0.23610232977401
-2.51538575622006
-1.12889130788524
0.933222683385927
-2.54107124657644
-0.160856994149085
-2.83142124360236
-0.702779357768585
0.195458301999723
3.10409964576814
-2.64251088927941
3.73246495161176
0.184733809789494
5.14289937515512
-1.26804891419613
-3.38475471926812
-2.09641836775804
-1.16453831828831
3.24618256525156
-3.51250917769477
-1.63428407398424
5.42379844055364
-0.254961914956707
1.03381136279675
7.78577993593356
-5.00646086968962
-4.01411525038731
-0.657381807200835
-0.477160639562647
4.81159745519127
-2.26135166886106
-0.079332889239296
-3.9628575534114
-3.31040745908632
-4.28798678527631
0.946176134009954
3.4744018315852
0.666719344391417
-1.36042743343925
1.49472526534721
-5.77225652111853
-6.84527016959085
1.25227299043841
-5.69113151760432
-3.06643102122811
0.984841602086542
-3.3654338845481
-1.78857239639421
-2.54298198053969
-0.737247223669217
2.45612663669885
0.135125504373257
1.19896909872144
-4.87538232579997
-1.51581660395711
0.159210075485982
-3.53486406120636
3.52949792750618
-1.6773613388365
-5.44801280137126
-2.1759969925057
1.24161963634767
4.46132289655912
2.72045013621348
-3.61128759009284
-1.31627171811453
3.26072834184084
0.318438460172746
6.44941176135053
2.30359538082357
0.967914518877134
-4.98608503362112
3.45736494217904
-2.69629485261251
0.200964906789978
1.22004805998328
1.87224174630452
-2.83400522128973
6.44741972429221
0.728425461693788
-0.48794730497244
-2.46613599638641
-7.50005975742468
-0.311487735542059
-2.9903894689306
-1.53496706734145
-1.62233936559728
-2.50648630990848
-4.57866044978815
5.82539128640141
2.98305423544766
1.75473705410129
4.13781626684062
1.47695054698933
4.17431970884716
1.43039922816236
1.85835202726506
-2.56450019018121
-5.63591602611575
-1.97510063641546
-3.63988105817924
0.18785206947355
-1.45622911313463
-1.8267656024578
0.882943958814292
4.83473334908008
-0.27670438749986
0.299294643029304
2.5790145014298
-2.03034845784972
-1.39723625059954
0.755411924273599
-1.07436988591836
-1.63297613547935
2.29592200569263
4.45606755840482
-0.00336520530018625
-1.54800460250907
-2.55703745907473
-0.839375368709557
-1.79448240373956
0.810271822073202
3.38392752195583
-0.789591468982367
-0.741697548330537
3.86230921508893
-0.631677959464739
-1.55899082019053
4.310782296398
4.32774718335306
5.22496300199513
0.408782228743204
2.37829222591344
3.90132193415996
-4.44806051880414
-0.186197064570763
0.435950800009517
1.97338633002769
-1.52911509298788
6.18280664003049
-0.129762872851358
2.51416881367147
-3.90845403125273
6.51370534749256
-0.0127686970883643
-2.60187498971938
-5.00653333372169
1.85591561181981
-3.48996104839525
-0.434122816532548
-1.27213619694053
-2.10329952430058
2.64468259551264
5.24341612082395
-2.95956364935247
1.33050771373716
-5.05297875486389
-0.644711033019277
-2.56556168704435
4.59130599330697
6.02219018360496
2.89222077773529
-5.39263826823244
3.27527046818127
2.60706233944268
-0.0290061204680221
1.74082703409125
-0.264858517942509
4.1950824704401
-0.206017861947259
-1.59952977405236
2.54812163645454
8.92832276756186
1.43022730249133
-2.47963490006473
-1.86165891550739
-1.37655964930124
0.896288980371358
-1.64596039421102
-7.03655353163216
-0.949083525593322
2.5599973285851
-4.87859110355171
0.209231524778653
0.514726634717986
-3.86200308718626
-2.96599450982806
-8.01887437560107
-3.93475554309058
-0.492053292057018
-1.47123555834464
-3.96046595293362
-0.562961486045655
5.33336448384615
3.42474878303745
0.598473109454723
0.196155311596429
-2.21753396747255
2.81617638103499
2.09309990846105
4.16544584798591
5.0739789316659
-3.01063113795525
4.84101404706816
-3.49414208434652
8.98190502528499
3.7810742196397
-0.419838070983612
1.09553782538395
-3.83257639232724
2.05853157476729
-0.801899729125372
2.80433152863841
-8.11457959986397
2.92100735874372
-0.238320786853276
-3.80158462832344
0.710113316472806
-2.47250258444996
4.46729805440254
-5.73401029745752
-3.22008503457505
3.02740876905782
-2.13081428545335
2.00388612091244
0.0601840828509276
0.971775090803658
4.51146502136648
-1.81860843240807
0.534057463650805
-4.97576880779706
-2.22582915074876
5.95577563120498
-2.39934546331737
0.25758195686606
-5.65897021684288
0.538038545110207
0.705053726054783
-0.977336520898449
-4.89960760811423
-1.16670248508631
-0.520549603397726
2.16468594436156
0.829050840722188
-1.78909786994851
5.84354984147405
3.60369168043043
-3.07175376091938
-0.339913660415159
-5.46245499568825
-1.01335801071221
-0.585743175368724
-1.70494406006879
2.58382430061614
3.5385188784297
-0.0940908193113711
-4.84765160215093
6.60818178028974
0.287262781825152
1.60426669175534
-1.29212790596723
-1.2843088636422
0.559588075210109
-2.60002272049614
0.357825670940676
0.265569146285636
0.423901718347219
-4.67635964550831
3.09795889929755
2.48472491869842
4.3411162161436
-0.812026641504246
-1.56292694057437
-0.199121933604742
3.74161358281211
-2.23017711131018
-3.98417343752163
1.25501931356745
1.95463967720173
-0.281056255898489
-3.32463995389003
-0.810157232011743
2.47895194169949
-1.1025202646189
4.75194464163748
0.355194696105393
-1.26563617108906
0.716172494984602
2.58097907829621
-2.53022317181564
-2.38789121891855
6.77006906166956
5.46267698412201
3.90065570993531
3.78841337128971
-0.534473323504646
-2.35919297497867
0.115567576736174
2.44219053140811
5.71889739360529
1.63898557512468
1.28025325652256
2.33546572217859
-6.59369168454108
-6.37231938558617
-0.170640741542256
0.102976606666153
6.22410476034599
0.190213334673723
-6.8617798016037
0.334598704109018
-0.238000435842102
-0.875866215034497
0.744074100162143
-4.61800483422352
-0.613459317450318
3.80621900512937
2.86035380377868
3.72191847939589
1.50393567466319
0.191776817909258
3.11474103411699
-1.92930763006511
2.78999382795299
1.20784870256652
-2.77140312850965
2.47946109381977
-2.0366470684965
-3.07248714740976
-0.954585676180448
0.0662829843441858
-1.05052115254427
7.34290245710864
0.819865929109606
-0.0701489524811698
-4.11766937577084
2.23181882599055
5.74455404508871
-1.56391905133269
-1.07447896071286
1.72014258507384
-4.01586632384183
1.24042293991888
0.597039590381751
-2.4634404505815
0.488516376041758
0.402782729640713
-5.12035678330835
-3.66651477352986
5.55655329182795
8.6861544935859
-0.355263449420291
3.5306979825229
-3.4353524049771
-1.81612024263019
2.85337990531655
2.32893625067323
-0.263037410803931
-1.20418920275094
-1.38698967306449
-0.427510381948171
-0.124148943850963
1.13574205188724
4.29308489888769
-2.94106202512026
-1.45301973168808
3.07617081736669
-3.13978066510736
-0.956034797097235
4.96746481284807
-0.39610369694692
-1.29991585135298
-1.80166195553455
0.724007491808265
3.07081187135181
-1.2759430926607
0.5646711899481
0.17694874409479
0.731485670910599
1.92576655149107
4.69810254196772
2.14421642587448
0.954584498040514
-3.03672647955217
0.942111313925531
-5.95132543970706
-5.11734370477675
-2.00495339158527
-8.42030821656513
-2.40325938347301
-1.98053507302674
2.0718461240677
-1.0525567516193
0.287129483941105
-2.82872208129647
2.49346031624345
0.974627119096034
-2.42118164140891
2.00418966265104
0.166269848585162
1.59585549012632
-3.02061157516781
0.266879607587998
0.469129691385954
2.96866216912624
-8.75664260045283
-2.84044511960959
3.85938257377328
-1.79485029516227
0.918896953344256
-4.59345493342542
-4.24286817761575
-0.0207190922945512
6.14669956367819
-3.97467212137312
0.872605986134051
-0.00977164580109979
-2.35993291391655
-1.0638912346285
1.43081221261348
-0.346943993593951
-1.65471353385694
6.73271742274471
-2.51348388784158
1.33312708957608
-2.9674987856852
0.222830647390436
0.630418182208104
3.92382739782073
1.36930179043338
2.34759256798938
0.629727640213826
-4.18702214211223
-3.33582742351286
0.500909122116945
2.99732849977752
4.23148353271931
-2.82425850932709
2.63985433085386
-1.25287825303485
-2.58127666537215
0.963559524989673
-4.84739268714822
-5.73939660481638
-1.74501306733594
-1.90830419531905
0.267050972622273
3.0704862970551
1.24565536027175
2.06935162579772
1.61136816271971
-0.073780971786145
1.24649779349075
4.61548160025863
1.73088335398672
1.88230447772903
0.589064443588225
1.29478722107187
-5.12040447908243
-1.47907413101969
-0.832567502256236
1.82018119799834
-0.250993256155968
-6.35447174274863
-0.886884745995428
-3.8071403404651
-4.51938523538259
1.79031747544848
3.74793691944691
4.99131622237879
9.70471347544116
3.74471314883015
0.0213107464315407
3.851216314873
-8.07164126975236
-1.68862791658059
1.53301526561066
2.29941930156465
-4.18905156972537
3.61692308633404
-4.35171819680086
-1.67408610175343
-2.58651727881571
7.34235073756261
-4.04822939165866
4.58791760028501
2.16159643686101
-2.60384730024738
-3.39257551981888
-4.5437384791032
-2.46202965304356
3.43913348392059
-0.210333598639163
-1.50484346679598
-0.0756799650227223
2.41884863136393
5.67740003356251
4.96425246159544
6.45858543577931
0.0168526000314316
2.41439771054692
-0.675434776208227
-0.682297583452941
4.23876054056124
2.27743227942009
-3.2856157317464
0.223200392259342
-9.0039175780655
-2.50027954273579
-1.78260590479999
0.482264123940279
-1.78828919081837
1.04355659229372
2.74579963027986
2.20240095396608
-5.53128745322928
-6.90684145088183
3.65438637130138
1.27210131476813
-1.23778797610614
-1.38098356692781
2.53072432390457
2.3346998178288
5.69584212279399
3.51483271859867
2.67435908298774
-5.51121197219743
-1.1812149779727
-1.37361051654508
-2.32082663045932
-1.80208772587846
3.25901216624836
-4.07378823886448
-6.0577979400321
5.12537979256602
1.81494655844249
-1.88640733682026
-3.06458866396019
-2.44273156362028
0.0469257517164858
4.14959630919069
0.0625567301372637
0.645325345248248
-2.87280317670882
2.11791251939615
3.29000617859495
-0.0964662346696105
-3.33845152566681
-1.76195115569008
3.41591454266092
-0.021113238394735
-2.43185491656436
-0.318318162869499
-0.380638046558578
-0.0910966042268844
-1.95183771371411
1.17306379747647
2.19146968415862
3.17194289336849
0.170311889904302
2.19823250414794
2.00925076500733
4.60709580968833
0.309043727588759
5.21953463971118
0.291998228621156
-2.08259785058758
-1.37240462936116
-1.51488731365323
-1.3232080794021
-4.67001066606943
-1.11444389081908
0.850938443209845
-3.78899118905308
2.29021604393673
-2.50621236218863
-2.46256424162056
-6.00176640488054
4.46683999804807
-1.38635504081312
-0.00157726327128282
1.4806222179771
4.70420715514304
2.61659957448764
1.45086469545008
5.01888366988467
1.01592963308698
2.17924583081807
-2.57746877344057
-1.6052056960448
-0.833871282261688
-2.00490773490454
-0.572944556579532
1.73285750550395
0.54505175457919
-3.66072699279131
-3.78109253520959
-5.75920352511835
-2.34252809497618
1.48766198717289
0.0140293342294168
5.03935986889121
3.93089690365702
4.66110467491126
4.2145395133248
2.08021091842719
-0.280594671557292
3.57176679419893
-5.43650785948123
2.4647016171695
-0.778066089121395
0.502500010171557
-4.5230283543915
-3.49958838794425
-7.72586266100789
-1.50332339200041
-2.18901383583489
-1.42592222262895
0.632503030014836
-1.59120299297086
-0.695150758002561
0.970088463845474
3.20765941763724
2.65698153176126
4.08303373769114
0.540103007489806
3.80439410564252
-2.4800541775573
-7.19278144862484
-3.16586559801222
-2.26371809739007
2.77126493412119
4.31567851931835
-2.07050538627437
5.49527971192075
-2.03217690453156
0.404564241087495
-4.38192248381513
2.61913074161465
-1.00532844690077
-0.144065021843209
-2.61692214918749
1.27121806563709
-1.10871029123044
0.0877183180511992
-1.70991391927346
-2.19926032942374
1.83859573489625
-3.89607656805709
-5.28659379221501
0.793431716489822
1.09617065405122
-2.87841802535938
1.58910236999336
-6.18690752992014
2.53763229677908
2.55148375120835
0.360184659994927
2.78498143037746
3.38482149252835
0.0575927489667345
-2.75733665846908
-0.854410203102641
1.48096564773467
-4.0486285601446
1.04408868947238
-0.607196912692283
3.37144511386353
-5.38471507097059
1.02865340244192
3.9823042156552
-0.860079767521179
0.247127667683989
-1.37965919519386
3.82543350825113
3.54664289162976
7.06501306313682
-0.419034288133061
5.45479654433975
2.69839475251272
-0.645385132409779
-1.5053644896716
-7.02165551230723
-2.59127631693842
-0.135891609062999
-1.25446571474047
-1.630457401729
-2.25369857113238
-1.4215385743748
1.58960272481744
2.0114827783103
2.27666122817722
-2.96706272491939
2.32131801451234
2.59922566211216
2.23406547115432
6.34330706290526
3.74444355074904
-2.96906868636538
3.68291928329365
2.31332464451599
-2.26573719519462
-2.09461016730645
2.42148597226415
2.36966397044776
-3.88856002831984
2.51354245557066
0.183150704031101
5.68737265809274
3.51097239778616
-2.9376846005426
-3.93342844985433
-1.17338867387752
0.813899889332384
-0.947973167194753
1.74382171022558
-2.58621881744338
3.23416816140662
1.36286088679286
-4.63319066153576
-2.84740075493988
-2.6741112915485
-5.37214880980795
-3.79463285219187
-0.654084902729923
-3.197569910257
-5.072366590982
4.11021134293943
-4.74495342298268
1.71322814083108
-0.794634546209543
2.7797063972226
-1.02440922289086
1.15563614920062
0.0280301271854673
4.05178433828429
1.00075953664767
3.51040607453017
0.50036073396346
-3.55109146533457
-2.17094317614118
3.29260551274117
-7.49562865205191
4.1087276860913
-2.40830454723913
-2.82874434356005
1.5604546378172
-1.29640439064374
1.93820389846644
2.96876201755688
-5.94274503089098
1.25939498129324
-1.89832709890943
-8.03731512052845
-3.19835700418396
-3.72535433087091
-1.80685335779332
-2.11461065945219
-3.58604484240831
-0.928615741537507
5.31125880916134
3.24691871911697
2.78307800282423
-0.296683300191932
2.04948963955505
4.27680843591712
7.67286027941471
-4.75335410739624
4.16748699816407
-1.16982639825598
1.75611762866469
-9.45306958568459
2.63993146992861
-0.26157789687139
-0.545052058797827
2.68106147723926
1.87900498778063
2.70931526113331
-0.0352367604212575
1.94167379380111
4.88671586263293
1.84705847482749
-1.19084185234218
-2.08662254946343
-3.52218301703774
-3.36940105338893
0.537512204563697
-1.48748976903481
-3.5381330089254
-2.09192107585719
4.61595325220114
3.36421300676037
2.1569752988692
1.54579684909537
4.84585800595453
0.949639184190199
1.68571425747919
2.94331942425889
3.1463852165504
1.02273145730596
-1.33029515161694
2.22027443233687
-4.58557313743913
-2.53748718170645
-4.81505269527765
1.97795550648812
0.0278822613943514
-1.64393472537044
3.06612057650567
-1.94469438995819
-1.45143343828538
-3.38516151220972
-4.22486214349833
-5.40742181122324
0.334120030742007
-4.28533048901518
2.92098368742168
1.59840959619254
-4.2635880338104
0.39024297315423
3.64004259222914
1.07563468043662
0.0920366470266432
-0.288955137752493
2.18251648205786
2.98859394162426
0.920789541811846
-1.69037671677716
2.37637983899786
0.658021334102032
-3.39756711196151
-0.247508624411103
-0.374276451087213
0.374552916294645
-1.62054017280682
-1.33576203057209
0.0826892022124385
3.22575930184372
2.35853467838001
-3.27858099732478
6.73950928027444
-0.981303525764593
1.68994744251298
2.65210335197711
2.97731243599012
1.64705561809992
2.74560805268623
0.771168823432214
-3.61783371993469
-4.44334601681491
-0.243819293334707
